 B=[-400+1200+2, -400;-400,200]
 eig((B+B')/2)
 